0 1e-06 0 -0.001999999999999 -0
0.314159265358979 -1.46740110027193e-06 3.67095965723236e-06 -0.00199999999999758 0
0.628318530717959 3.30653197815714e-06 -1.07735404801103e-05 -0.00199999999998675 0
0.942477796076938 -8.23661622536526e-06 2.79472506507251e-05 -0.00199999999991654 0
1.25663706143592 2.08663074446273e-05 -7.12461122169662e-05 -0.00199999999946308 0
1.5707963267949 -5.30018687728963e-05 0.000181145996069712 -0.00199999999653452 0
1.88495559215388 0.00013468369354059 -0.000460381552482136 -0.00199999997762128 0
2.19911485751286 -0.000342268129398125 0.0011699827449546 -0.00199999985547534 0
2.51327412287183 0.000869805532815826 -0.00297328552380747 -0.00199999906662985 0
2.82743338823081 -0.00221043852112181 0.00755600806810858 -0.00199999397209838 0
3.14159265358979 0.00561738542026285 -0.0192018724150953 -0.00199996107082593 0
3.45575191894877 -0.0142753307840082 0.0487938955245937 -0.00199974860150687 -0
3.76991118430775 0.0362754941642812 -0.123936310270117 -0.00199837702863866 -0
4.08407044966673 -0.0921468111555332 0.313914715563487 -0.00198954412266001 -0
4.39822971502571 0.233513927017877 -0.780781403083948 -0.0019335261860494 -0
4.71238898038469 -0.582726235153146 1.72389095776236 -0.00161049500171809 -0
5.02654824574367 1.3166665607171 -1.55577587473586 -0.000454397668155549 -0
5.34070751110265 -1.56024904689363 -1.30396201670351 1.29121701265112e-05 0
5.65486677646163 0.497363062269925 2.80237159688145 -0.00160062171787871 0
5.96902604182061 0.200532957384664 -2.50928702196533 -0.00183399068556492 -0
6.28318530717959 -1.07926847252098 2.850436117567 -0.000781447107544847 -0
6.59734457253857 1.99151479067976 2.60552570491244 0.000952608022358023 -0
6.91150383789754 0.557831610137482 -8.72104297298521 -0.000175678063302238 0
7.22566310325652 2.79510719074511 -15.5456975400277 0.00671451831192994 0
7.5398223686155 -2.92663292001893 -16.5375466226719 0.00742377893424879 -0
7.85398163397448 -1.31255449771224 -7.2686814709936 0.00054591245318722 -0
8.16814089933346 -1.2104948749509 7.67454795603825 0.000472861036414692 0
8.48230016469244 -2.77367910922936 17.8490667998318 0.00823794333303267 0
8.79645943005142 -2.56196606295303 24.9756200550907 0.0141489664004526 0
9.1106186954104 0.352595173196057 26.5650858514832 0.012237116383239 -0
9.42477796076938 1.56299903328816 15.9990922665867 0.00510382463810054 -0
9.73893722612836 -2.1612492954003 14.6695622329393 0.00541739583384808 -0
10.0530964914873 -1.78621379259496 28.8662295535705 0.0170926947006488 -0
10.3672557568463 -2.87361827647234 38.6182507139237 0.0317560041961721 -0
10.6814150222053 -2.65439247384303 44.3746877554048 0.0411495524007605 -0
10.9955742875643 -0.12492089364653 49.0301347188808 0.0460946671576552 -0
11.3097335529233 3.01940850490936 49.0514652075078 0.0501060143774742 0
11.6238928182822 -0.720902880800082 53.2783432887516 0.0552692171178253 -0
11.9380520836412 -1.20393296389276 65.7938217346169 0.0858591609982376 -0
12.2522113490002 2.91946267873621 71.3948828485711 0.103895446763926 0
12.5663706143592 -0.327502221954905 72.1910508056238 0.102337258770162 -0
12.8805298797182 -1.98704480552541 81.9008595742207 0.134963680218175 0
13.1946891450771 0.86684307282064 83.0971998290752 0.136808419867068 -0
13.5088484104361 -0.041016759580998 77.4322469567485 0.117916739514132 0
13.8230076757951 -0.746523746561728 83.0878706233871 0.136603776910172 0
14.1371669411541 1.89914957355276 80.9870595864024 0.131823045791897 -0
14.451326206513 -0.126335917502278 74.5422820354478 0.109146975767555 0
14.765485471872 -1.53003575900769 83.3793427730374 0.138960797461351 0
15.079644737231 1.99696776844495 84.0753178957159 0.142199957039928 -0
15.39380400259 1.03056199343711 70.1883530732425 0.0974994242081022 -0
15.707963267949 2.11531349468092 56.7347520938962 0.0654126521974661 -0
16.0221225333079 -1.02105377335592 56.7134014990881 0.063283262727725 -0
16.3362817986669 0.0502827535281085 63.0154166518891 0.0774213825388558 0
16.6504410640259 0.873588386861499 56.5995032518283 0.0627859159797665 0
16.9646003293849 -2.08631236699431 57.4116091972515 0.0669078251912901 -0
17.2787595947439 -0.752745519245323 69.6142108160261 0.0954631376283572 -0
17.5929188601028 -2.32871086023564 80.6876668382338 0.13158480824961 -0
17.9070781254618 -0.320671701822771 88.867394315201 0.156050227629415 -0
18.2212373908208 -3.04034799999136 92.1368173314684 0.171773620432602 -0
18.5353966561798 1.0219302242981 86.2302707101517 0.14766975129953 0
18.8495559215388 0.874246538586274 73.5054305782661 0.106777816508781 -0
19.1637151868978 -3.0587280924115 68.1310251163299 0.0948298690607501 0
19.4778744522567 -0.300065014270103 71.102595389669 0.0992009468747874 0
19.7920337176157 -2.3659469771983 78.9232724563958 0.126005596894562 0
20.1061929829747 -0.976592882451072 90.930219091511 0.164246397059852 0
20.4203522483337 -1.78147308437433 105.118313813346 0.221415441463007 0
20.7345115136927 2.23933853250387 106.635416484518 0.22866192633022 -0
21.0486707790516 2.38768205188001 95.0961818371068 0.182323711326295 -0
21.3628300444106 -0.841821290513238 95.5781229128763 0.181371340574736 0
21.6769893097696 -0.39066526251699 104.426899020398 0.216250232920119 0
21.9911485751286 1.93968139761973 100.09207997043 0.20108964091307 0
22.3053078404876 -0.332809710787924 95.3323307704537 0.179874809515979 -0
22.6194671058465 -0.993101674566237 104.47769283395 0.217219577708257 -0
22.9336263712055 2.48060767164569 106.23564270464 0.227299011496048 0
23.2477856365645 2.9248681876952 99.7252687639894 0.200855798663734 0
23.5619449019235 2.30798894509316 92.2216493046879 0.171441076197678 0
23.8761041672825 -1.9624136925923 93.6662660519094 0.176230755589118 -0
24.1902634326415 -1.67161346312957 108.739747002037 0.236687944435908 -0
24.5044226980004 -2.75425400460503 119.52049776673 0.287554822924179 -0
24.8185819633594 -1.97289360181406 129.714713151438 0.337300834564531 -0
25.1327412287184 -2.9335050181265 138.56482642662 0.385961078007593 0
25.4469004940774 -2.87463975276567 142.259203243341 0.406682776504674 0
25.7610597594364 -1.51400575567752 152.172352356151 0.463014976333075 0
26.0752190247953 -1.50971051214711 167.853004899857 0.563370529414856 0
26.3893782901543 -2.86300256245817 177.852185499703 0.634550885978912 0
26.7035375555133 -2.85922216322834 182.200412183936 0.665860599280585 0
27.0176968208723 -1.48044281207365 192.21073542037 0.738718874961738 0
27.3318560862313 -1.47017613209507 207.846936505919 0.863806079310478 0
27.6460153515902 -2.83325250321698 218.04469975911 0.952775499079272 0
27.9601746169492 -2.69872750656331 223.793872797419 1.00348100517758 0
28.2743338823082 -0.449491921411571 230.572156926594 1.06146905503005 -0
28.5884931476672 -2.33923070710566 239.631784843502 1.14985786696732 -0
28.9026524130262 -0.680848327530221 250.222502921211 1.25067194132993 -0
29.2168116783851 -2.19942799856978 261.518769479928 1.36901741292573 -0
29.5309709437441 0.273422680597342 265.750528926873 1.4105411678653 0
29.8451302091031 1.41373588761424 255.872420003924 1.30910107535766 0
30.1592894744621 -2.3200123179579 253.865976760489 1.29032081293124 -0
30.4734487398211 -2.44038458162542 264.683770331001 1.40267809226874 -0
30.7876080051801 0.622887374637024 265.168820409067 1.40466567154235 0
31.101767270539 0.807281063344583 254.913150063366 1.29823135115881 0
31.415926535898 -2.57327470353179 253.466488819107 1.28659083402933 0
31.730085801257 2.98534022491619 256.471404714542 1.31752726353676 -0
32.044245066616 1.49282879839045 247.41906677626 1.22416811497041 -0
32.358404331975 1.36369205389455 231.902799344915 1.07516691304178 -0
32.6725635973339 2.68839288703835 220.777830871941 0.976655113504281 -0
32.9867228626929 1.85241760449939 209.794425157213 0.880829843385766 -0
33.3008821280519 2.55922640386554 197.930139189622 0.785197127088265 -0
33.6150413934109 0.551885701331855 189.492641391405 0.716446148080015 -0
33.9292006587699 2.24044358836578 179.217005722958 0.64361612173483 -0
34.2433599241288 0.0599158876204484 172.588867981958 0.593741935865634 -0
34.5575191894878 -2.41610799216735 177.329673361517 0.630412616965849 -0
34.8716784548468 -1.61789982240825 190.386045792657 0.72503110080957 -0
35.1858377202058 -2.17354826693546 204.701258294255 0.839185926158362 -0
35.4999969855648 1.3359878815634 203.532740579662 0.828046216374399 0
35.8141562509238 0.046138103485788 195.53204137192 0.762657712408401 0
36.1283155162827 -1.47131331894057 202.984950868097 0.823859167590496 -0
36.4424747816417 1.9216380471938 203.42455305917 0.828318352496592 0
36.7566340470007 0.680396827562717 191.108054570684 0.728891124165568 0
37.0707933123597 2.61784926700126 182.239128271461 0.665953903641311 0
37.3849525777187 2.08728261317634 171.48164786884 0.589106766733787 0
37.6991118430776 -2.7343892281873 167.762656107835 0.564722639638645 0
38.0132711084366 0.681517986140662 165.925376792407 0.549071378625751 -0
38.3274303737956 0.98863481196846 154.417339795661 0.475794635228212 -0
38.6415896391546 -2.82617087094729 150.293538708581 0.453664286789226 0
38.9557489045136 1.17307062205317 145.489047731718 0.422566615052952 -0
39.2699081698725 0.622699534886742 133.667435657927 0.355715053170685 -0
39.5840674352315 -2.80579690103504 131.67480550091 0.348653384857537 0
39.8982267005905 1.67501086645709 126.451483636852 0.320007606283448 -0
40.2123859659495 1.24778981862249 111.192297191259 0.24663970105606 -0
40.5265452313085 2.42415328584792 98.5808227563221 0.195870555714717 -0
40.8407044966674 0.356094458046424 90.6791377191873 0.162579589341409 0
41.1548637620264 2.85086809972285 85.6897951911941 0.148770892870599 0
41.4690230273854 -2.35208709451597 89.0148468527744 0.159881252119123 -0
41.7831822927444 2.23187812172591 88.3918428993968 0.157490300028311 0
42.0973415581034 2.92066330604896 80.4713774736883 0.131464240283779 0
42.4115008234624 2.52805332340728 74.22823688956 0.111831853677022 0
42.7256600888213 -0.705842411154819 74.8008731934351 0.11038128186869 -0
43.0398193541803 -0.738654392709922 85.183591888055 0.143646136105758 -0
43.3539786195393 2.55110442778943 86.0987925666285 0.14992137952917 0
43.6681378848983 3.09332999190771 81.3470506545339 0.134344524171409 0
43.9822971502573 -2.88570399133076 82.9560275984085 0.139568927803462 0
44.2964564156162 -1.3325283978781 92.5760042578336 0.170934291598353 0
44.6106156809752 -1.26715278092557 107.702785799077 0.231399803278233 0
44.9247749463342 -2.77591064934639 118.005950683047 0.280375848138204 0
45.2389342116932 -2.52005091793291 125.387715933749 0.316067549515886 0
45.5530934770522 0.609291110072213 125.466279146684 0.313195636234597 -0
45.8672527424111 0.914513564005617 114.749111661108 0.262126820471784 -0
46.1814120077701 -2.68993933598422 111.954569137632 0.25247596448753 0
46.4955712731291 2.14260557274898 108.777872275366 0.237734818676374 -0
46.8097305384881 2.82536047490375 99.7307839862623 0.200825413306247 -0
47.1238898038471 1.97345216255156 90.0624438252113 0.16300860206095 0
47.4380490692061 2.86459508741292 80.6887762966601 0.132137334094738 0
47.752208334565 2.40622307326236 73.2720244236995 0.108858956996793 0
48.066367599924 -1.36271664139449 75.687658976957 0.114159271649049 -0
48.380526865283 -0.303300702290795 85.7179890710387 0.14504276128234 -0
48.694686130642 2.23000185038189 81.8553442250193 0.135230925620623 0
49.008845396001 0.862446455149385 69.6823360285373 0.0958113961084631 0
49.3230046613599 2.03040769057041 56.6788016706522 0.0651369308463989 0
49.6371639267189 -1.22432399936936 57.0271377913085 0.0643627251306116 -0
49.9513231920779 0.16250327557842 63.1437204324077 0.0777689378544351 0
50.2654824574369 0.750933803709056 56.5140903144097 0.0624147440150021 -0
50.5796417227959 -2.02775837628715 58.2032880565723 0.0686349026106949 0
50.8938009881548 -0.377973604708842 68.149844662316 0.0910291978302003 0
51.2079602535138 3.09294004751884 70.6662953534497 0.101872139370426 -0
51.5221195188728 0.0406721127949012 69.9649794469349 0.0959036209729351 -0
51.8362787842318 3.07093598507207 69.0911549314526 0.0974667635070636 -0
52.1504380495908 -0.530372085325073 72.5096511076405 0.103427752256526 0
52.4645973149497 -1.63538902554012 84.3202249082382 0.142327102156166 0
52.7787565803087 2.18410528139025 85.7352506661912 0.148161817129922 -0
53.0929158456677 1.96817524634035 72.07068554473 0.104657679962628 -0
53.4070751110267 -2.79802992674566 67.4742623321781 0.0929386426682912 -0
53.7212343763857 0.381207465915512 67.1978195852338 0.0884545069704389 0
54.0353936417447 1.72449349942138 56.51441473738 0.0641837669825087 0
54.3495529071036 -1.80885034498606 56.3855063752021 0.0640581305267979 -0
54.6637121724626 -0.546559824201093 68.1001127436568 0.0910438718944946 -0
54.9778714378216 -3.00258471442138 73.2704830945677 0.109351981746568 -0
55.2920307031806 1.50834530851559 66.5200653841764 0.0883735611109361 0
55.6061899685396 1.09409318794939 51.7030335222926 0.0525463687638873 0
55.9203492338985 2.5783928290059 40.5314745734381 0.0345471107695297 0
56.2345084992575 1.42802851104596 28.5642016269782 0.016033705667597 0
56.5486677646165 1.67625410486164 12.9797779222546 0.00358001752764896 -0
56.8628270299755 -2.98290711015683 6.4105185742012 0.00279676666243291 0
57.1769862953345 -0.579083590635668 11.9497556286954 0.00118200416595224 0
57.4911455606934 -1.75783951827589 23.9648986715472 0.0118582363170505 0
57.8053048260524 1.91213571711646 24.2810309400351 0.0124608682884301 -0
58.1194640914114 0.932011551925108 10.5748273413735 0.0010440989185577 -0
58.4336233567704 2.27331038766476 -1.72483039587158 0.00135177781616695 0
58.7477826221294 -0.151731348146599 -6.53201972119604 -0.00112367610059512 -0
59.0619418874884 -1.83087864617787 2.24495104903279 0.000615116311546518 0
59.3761011528473 1.25881299651542 2.35995020221798 -0.000502506355304006 -0
59.6902604182063 -0.348078202552716 -2.43596409730225 -0.0017613814940894 0
60.0044196835653 -0.271748385983223 2.35110024946313 -0.00181605270043034 -0
60.3185789489243 1.12916165176058 -2.64118979564324 -0.000715318069815486 -0
60.6327382142833 -1.93125687772905 -2.3923732847729 0.000819879446786553 0
60.9468974796422 -0.374010815456822 7.8263353303044 -0.000636708461419101 -0
61.2610567450012 2.98617463791386 9.48006040548468 0.00377332472813962 0
61.5752160103602 -0.700698497544777 13.3281868821925 0.00202402727880205 -0
61.8893752757192 -1.20584917749177 25.7287944649167 0.0125256174425852 -0
62.2035345410782 2.89880922343686 31.1773942527702 0.0213819434165304 0
62.5176938064371 -0.466070550515431 32.8186727753777 0.0197546236662615 -0
62.8318530717961 -1.61335174694269 44.1949615984478 0.0391489777676122 0
